  5.1472817E-02
  0.1362918    
  6.5657407E-02
  0.8671775    
  0.1046614    
  1.1701851E-02
  0.2078396    
  7.8327470E-02
  0.2936100    
  0.3714589    
  0.1101467    
  8.0715390E-03
  0.8546211    
  0.1150245    
  1.4759582E-02
  0.1912144    
  4.5429072E-03
  0.2641916    
  7.4755274E-02
  0.5183721    
  0.2180344    
  0.3162719    
  0.4304393    
  0.3185447    
  0.3426935    
  0.1883912    
  5.1826596E-02
  0.3618482    
  8.4404208E-02
  0.3304991    
  5.9418358E-02
  0.1079714    
  0.1677177    
  5.5657130E-02
  0.1603888    
  0.2102586    
  0.3390138    
  7.2834000E-02
  0.3225100    
  0.3096495    
  0.1713314    
  0.1800399    
  0.1545457    
  9.7682044E-02
   1.116032    
  0.1600794    
  0.2353339    
  0.1637839    
  0.6401871    
  0.3112985    
  0.1819825    
  0.3687865    
  0.1623541    
  0.4857754    
  7.1370751E-02
   2.041358    
  6.3039519E-02
  0.6092316    
  0.2160408    
  0.1555676    
  7.9188637E-02
  0.7040851    
  0.1891805    
  3.2869138E-02
  0.2454969    
  0.2791680    
  0.6792415    
  0.1632347    
  0.3221260    
  0.2281988    
  0.2693412    
  0.1109439    
  0.1586025    
  3.1820580E-02
  0.2910014    
  8.9285016E-02
  0.2115878    
  4.8896596E-02
  0.3226732    
  0.3262763    
  0.5386193    
   1.479242    
  0.3313094    
  0.3115812    
   1.042867    
  0.2813198    
  2.3280889E-02
  0.1554172    
  0.4614535    
  6.5473370E-02
  0.1497465    
  0.3643733    
  2.4682085E-03
  3.0909713E-02
  0.2789283    
  0.2693006    
  0.1399585    
  2.5203364E-02
  0.3602313    
  0.2544396    
  0.5304689    
  0.1316027    
  0.3442717    
  0.1216158    
  2.8798493E-02
  0.3137528    
  0.3848867    
  7.6435141E-02
  0.1034911    
  4.4650387E-02
  0.8590339    
  7.3929061E-04
  0.2469587    
  0.1173263    
  8.3956949E-02
  7.5694486E-02
  0.2342988    
  8.1891038E-02
  0.2174091    
  3.2273859E-02
  0.1705664    
  0.2047948    
  0.2207897    
  0.3271111    
  1.9489169E-02
  0.1492226    
  0.1268017    
  6.9450542E-02
  0.2254033    
  0.4013906    
  0.1984395    
  0.4609733    
  3.4225106E-02
  0.1028769    
  0.4467426    
  0.1223948    
  7.3167719E-02
  0.1630582    
  0.1971697    
  3.9343659E-02
  0.1154065    
  7.2668165E-02
  0.1240498    
  6.2465791E-02
  0.5862634    
  5.0728731E-02
  0.2585875    
  0.4432250    
  0.1756899    
  0.5551034    
  0.1125845    
  1.8789211E-03
  0.4622813    
  9.5333596E-04
  0.8670675    
  2.9523691E-02
  2.6607243E-02
  0.4798009    
  3.7754562E-03
  0.6004705    
  4.6771955E-02
  0.3602649    
  4.7519553E-02
  0.1215220    
  6.5459192E-02
  0.3156632    
  7.4079618E-02
  3.9279327E-02
  0.2802424    
  0.1888753    
  0.1687067    
  3.3381935E-02
  0.4307148    
  7.1919532E-03
  0.2368363    
  0.3614882    
  0.2231376    
  0.2925199    
  2.0729074E-02
  0.1129822    
  8.8049779E-03
  0.2542694    
  0.3398853    
  9.7777031E-02
  9.2044935E-02
  0.2828116    
  0.1961589    
  5.6659136E-02
  8.3399542E-02
  0.1482232    
  0.1018526    
  2.8270880E-02
  1.8320836E-02
  0.2453246    
  0.1006629    
  0.3613743    
  0.3851402    
  0.6229557    
  1.8343870E-02
  1.6609976E-02
  0.1148751    
  0.3141773    
  0.6114609    
  0.2446008    
  1.7329741E-02
  0.2176297    
  0.1014941    
  1.5261455E-02
  9.2172332E-02
  0.2307004    
  0.4430633    
  0.2683411    
  0.1356589    
  0.1894002    
  1.2878603E-02
  0.5304633    
  0.1134667    
  0.3412200    
  9.0091281E-02
  0.1426030    
  3.4754079E-02
  9.5059939E-02
  2.5521148E-02
  1.7136244E-02
  0.1446299    
  0.4690927    
  2.4859723E-02
  0.4951995    
  9.7285770E-02
  0.7501265    
  0.2643278    
  0.1453465    
  0.4314518    
  0.4967549    
  0.3040360    
  0.5693821    
  0.2670385    
  0.1295010    
  0.6698841    
  3.3709329E-02
  1.7527316E-02
  0.8708477    
  0.9118260    
   1.112015    
  0.1034534    
  0.1666125    
  3.4759019E-02
  0.2323918    
  0.5039729    
  8.2668252E-02
  4.9032047E-02
  5.9425414E-02
  0.3224657    
  0.5527418    
  1.1328760E-02
  0.2363210    
  9.5831111E-02
  0.1673988    
  6.6211738E-02
  0.2268149    
  5.8824997E-02
  0.4940650    
  0.3746936    
  7.2922528E-02
  4.7045052E-02
   1.007346    
  2.1837572E-02
  0.4073232    
  0.2870535    
  0.3705725    
  0.4670046    
  0.1765935    
  0.6347609    
  6.3702747E-02
  0.1817501    
  6.3985437E-02
  6.8087325E-02
   1.097238    
  0.1127114    
  0.1459793    
  0.2148260    
  0.8232338    
  0.3101071    
  0.1285104    
  4.8714779E-02
  0.2769818    
  0.2350213    
  8.1497118E-02
  0.1638733    
  1.0982189E-02
  9.9757604E-02
  6.3841330E-04
  0.4996959    
  0.2643400    
  0.3219342    
  1.0984286E-02
  0.1558594    
  0.3940654    
  5.9252769E-02
  0.2111971    
  0.5804620    
  0.1141806    
  5.0765619E-02
  0.2763482    
  0.1866260    
  3.5687003E-02
  0.3940120    
  0.1582406    
  5.8798440E-02
  0.1495047    
  0.4434837    
  0.1524126    
  0.3099389    
  3.5340983E-02
  0.2363602    
  0.1047817    
  0.1139793    
  0.2357943    
  0.1968817    
  0.1053759    
  0.2325441    
  0.5911238    
  5.4880094E-02
  0.2266399    
  0.1549501    
  0.8139779    
  4.4897642E-02
  0.5002891    
  1.2701255E-02
  0.2007703    
  0.1119882    
  0.1369906    
  0.1382716    
  2.2679716E-02
  0.2270812    
  0.1420104    
  0.2181765    
  0.3102938    
  8.0054980E-03
  0.2755270    
  6.0964037E-02
  7.4053127E-03
  0.1959199    
  0.5079532    
  0.2570654    
  0.1060028    
  6.2406149E-02
  0.3793208    
  2.9159669E-02
  0.1033043    
  0.4840696    
  0.3611591    
  0.1174882    
  2.3984412E-02
  0.1699634    
  1.1128544E-02
  0.3391844    
  5.8050271E-02
  0.2515386    
   1.069945    
  8.8037498E-02
  0.3404006    
  5.9181828E-02
  0.4115135    
  0.1520624    
  0.5857671    
   1.006997    
  0.2736952    
  4.4022627E-02
  0.2439892    
  0.2244487    
  0.3000524    
  0.5512152    
  0.3595847    
  0.1026464    
  0.2041807    
  0.1147434    
  3.2068200E-02
  0.1030583    
  0.6101282    
  0.4574583    
  0.1634062    
  0.3228580    
  3.9267514E-02
   1.348643    
  0.2831781    
  0.1668210    
  9.7875208E-02
  0.3683910    
  0.1240116    
  0.2666524    
  0.1625541    
  0.5194978    
  1.9979566E-02
  0.6175885    
  0.5439369    
  3.8387172E-03
  2.5806950E-02
  0.1300577    
  5.5202208E-02
  0.8921979    
  6.0146164E-02
  0.5161500    
  0.3124411    
  0.2167139    
  0.1763158    
  0.3041687    
  0.1947226    
  4.1817487E-03
  0.3930886    
  0.2338472    
  0.1173665    
  0.9485894    
  0.5471808    
  0.2376308    
  0.1473987    
  0.2582330    
  0.1085489    
  0.2768824    
  0.1292725    
  0.3702401    
  0.3636345    
  0.1397409    
  0.3321132    
  1.2513690E-02
  0.2067154    
  8.3051890E-02
  0.2959013    
  4.1301299E-02
  0.1172670    
  0.3944991    
  6.6419706E-02
  9.6369460E-02
  3.4836538E-02
  3.7518986E-02
  4.9537919E-02
  3.6339831E-02
  0.3945100    
  0.1220545    
  6.4027667E-02
  0.1432175    
  0.1522869    
  3.0657697E-02
  0.2948894    
  8.2350001E-02
  0.3988495    
  1.9273126E-02
  2.1962714E-03
  1.0749021E-03
  2.8684942E-02
  0.6027514    
   1.224718    
  0.3050503    
  1.6661728E-02
  0.2441817    
  0.1565310    
  0.8550631    
  0.1045644    
  0.3525605    
  0.2829070    
  0.2373063    
  1.1897905E-03
  0.3989020    
  0.3904642    
  0.3969156    
  0.2303471    
  0.1215015    
  0.1207733    
  6.3845597E-02
  0.7919297    
  0.1422969    
  0.1680998    
  9.7324684E-02
  0.3208186    
  9.0578750E-02
  7.8105628E-02
  0.3826576    
  0.9580056    
  0.4997635    
  7.7929571E-02
  3.2073371E-02
  0.2580177    
  5.5433400E-02
  0.1401716    
  8.1744216E-02
  0.1565426    
  0.1211728    
  0.3800458    
  0.3833106    
  0.1569421    
  0.3277867    
  0.1012763    
  8.8949256E-02
  0.3645493    
  0.3605355    
  0.1617024    
  0.6974432    
  0.1541721    
  0.3760252    
  5.5586897E-02
  0.2958581    
  7.6093234E-02
  0.1261965    
  0.3119575    
  7.3480323E-02
  4.1281596E-02
  7.2463915E-02
  3.1801909E-02
  0.2184167    
  0.1515812    
  8.0968812E-02
  0.4239783    
  1.6808394E-02
  0.4665298    
  0.2125361    
  0.1606342    
  7.2221652E-02
  0.6459911    
  0.1761541    
  0.1006009    
  0.9718136    
  0.1411922    
  0.1132311    
  0.2825300    
  0.1416982    
  0.2873802    
  0.3325108    
  3.2930221E-02
  6.3854560E-02
  0.1380954    
  7.8687407E-02
  0.1143877    
   1.577496    
  0.1472538    
  6.9292635E-02
  0.2001027    
  6.5506361E-02
  4.2931411E-02
  0.9064361    
  0.1463645    
  2.7468891E-03
  0.2675413    
  1.9595814E-03
  6.3331872E-02
  4.8919823E-02
  2.2602205E-03
  7.7071384E-02
  0.4085020    
  5.0560117E-02
  0.1226209    
  0.2081600    
  0.2566641    
  0.2915083    
  0.6631102    
  0.1545481    
  0.1325272    
  0.1252141    
  0.3630377    
  1.2278464E-02
  0.1802569    
  0.2033894    
  0.4327793    
  0.3082328    
  0.4258426    
  0.8656365    
  2.7623044E-02
  3.3178795E-02
  0.5042828    
  1.4249812E-02
  5.4408502E-02
  3.1014234E-02
  0.5308967    
  0.4793149    
  6.0836438E-02
  9.1120422E-02
  0.2216556    
  0.3548388    
  0.5585789    
  0.2014006    
  9.5866114E-02
  2.4204465E-02
  0.6568215    
  8.4245183E-02
  2.7218625E-02
  0.3571622    
  0.1722367    
  3.4562584E-02
  2.8893473E-02
  0.1295500    
  0.5531943    
  0.1176054    
  3.7350387E-03
  6.6242732E-02
  5.4160502E-02
  0.2995721    
  4.3227497E-02
  0.3251571    
  0.1436037    
  2.1388147E-02
  2.4227612E-02
  0.1039656    
  6.4072169E-02
  0.3482862    
  0.6879107    
  9.9710613E-02
  0.5365402    
  0.3195660    
  0.5978777    
  9.1295257E-02
  0.3456957    
  0.1586132    
  0.1730881    
  0.4293228    
  7.9637714E-02
  0.6153350    
  4.6766256E-03
  0.1624280    
  0.1497515    
  0.7440359    
  6.9086319E-03
  2.4886483E-02
  0.1687451    
  0.1452583    
  0.1770510    
  2.1789258E-02
  0.4389895    
  0.3291852    
  0.2292257    
  9.3871631E-02
  0.1070273    
  5.6753177E-02
  9.7392015E-02
  0.3890862    
  9.2807032E-02
  2.0048464E-02
  5.2969273E-02
  1.5302649E-02
  0.6119474    
  0.1515577    
  0.1353402    
  1.7848970E-02
  3.0919550E-02
  7.4131615E-02
  0.3411965    
  0.5747227    
  2.0885408E-02
  8.6912513E-03
  7.3797651E-02
  1.1004021E-02
  0.3306714    
  8.9226492E-02
  0.4259955    
  0.4579951    
  7.6495640E-02
  0.1017670    
  8.1746385E-02
  0.2114589    
  0.1546001    
  8.7825514E-02
  0.3171212    
  0.5922897    
  0.1988766    
  3.1436998E-02
  0.8370382    
  7.1429066E-02
  0.7309614    
  4.1019507E-03
  0.1813811    
  6.3856646E-02
  0.1904936    
  0.1425158    
  0.4215510    
   1.084100    
  2.8104678E-02
  2.3171367E-02
  0.3498841    
  0.1851967    
  0.1511053    
  0.4188700    
  0.1374951    
  3.7777470E-03
  1.5775198E-02
  0.3647987    
  0.2706478    
  5.2252416E-02
  3.1029559E-03
  9.5048748E-02
  0.2186034    
  0.2938111    
  0.7373576    
  0.4378057    
  0.7539474    
  0.1032339    
  0.3239311    
  0.6745130    
  8.0475233E-02
  0.3914489    
  0.2646005    
  0.4078360    
  0.1428282    
  0.2869466    
  0.1704250    
  0.3466642    
  0.3702811    
  0.1251358    
  0.2148192    
  0.3657972    
  6.6267163E-02
  0.1517242    
  0.1826206    
  0.1544870    
  5.4517675E-02
  4.8548509E-03
  6.6414960E-02
  1.9580057E-02
  2.6435930E-02
  0.1710271    
  5.5078294E-02
  8.5688882E-02
  5.4192498E-02
  0.1406187    
  0.1357513    
  3.7879813E-02
  1.0716246E-02
  5.8771312E-02
  2.1652584E-03
  0.6929077    
  0.2035501    
  0.2366534    
   1.414150    
  7.8895412E-02
  0.2115020    
  0.3050692    
  0.1449508    
  0.6954427    
  4.4872623E-02
  0.1537114    
  1.1936898E-02
  0.2530869    
  0.6483106    
  6.2416553E-02
  9.8481588E-02
  8.8119149E-02
  0.2312281    
  0.6091586    
  4.0719684E-02
  5.2481923E-02
  0.1865519    
  0.3678064    
  0.1181008    
  0.4032203    
  4.2358186E-02
  0.1634175    
  3.1224227E-02
  0.1059513    
  0.7844886    
  1.4686649E-02
  0.6073426    
  0.1423848    
  0.4508097    
  0.4101481    
  0.3084987    
  6.2738941E-03
  0.1903301    
  9.0257436E-02
  6.2903009E-02
  0.3773357    
  0.3238690    
  0.3908405    
  2.5603460E-02
  1.6005516E-02
  8.8415802E-02
  0.2380736    
  0.7038312    
  0.1777576    
  0.1471858    
  0.3050960    
  0.9030386    
  9.6096992E-02
  0.2732362    
  0.4379093    
  4.3388892E-02
  0.4776693    
  0.5726891    
  9.0056568E-02
  0.4116756    
  0.2033958    
  3.1247686E-03
  0.3615802    
  1.1564070E-02
  0.3208845    
  0.1890182    
  5.0633284E-04
  1.3286516E-03
  2.2388050E-02
  0.2838848    
  0.3679116    
   2.030035    
  2.5613891E-04
  5.9212506E-02
  0.1425235    
  2.8568326E-02
  0.6271302    
  2.7487403E-02
  0.7870006    
  0.1058072    
  0.2355419    
  0.6761809    
  0.4030285    
  0.2190195    
  0.1075615    
  0.2186566    
  5.0388273E-02
  0.7344129    
  0.1269415    
  0.5732339    
  1.0811022E-03
  0.1852792    
  2.5260434E-02
  6.5851584E-02
  1.0082411E-03
  0.2592900    
  0.2236268    
  3.9821774E-02
  0.4093333    
  1.8577470E-02
  0.2630289    
  6.4980788E-03
  6.3509338E-02
  0.1427861    
  2.2780018E-02
  0.3504402    
  0.3343278    
  9.3336426E-02
  0.2318002    
  4.0117260E-02
  0.3325266    
  0.1294433    
  0.2401952    
  0.3396066    
  0.1777823    
  7.5526915E-02
  8.3223835E-02
   1.012172    
  0.4002850    
  0.2242626    
  0.2286848    
  0.3576257    
  0.7928381    
  2.7007953E-04
  3.9779454E-02
  0.1192505    
  0.5373432    
  5.9048422E-03
  9.6181042E-02
  0.1792618    
  0.8255403    
  0.1468564    
  0.1306683    
  0.2103107    
  7.2789602E-02
  0.1704662    
  4.0800445E-02
  0.4050204    
  5.2118849E-02
  0.3221909    
  0.4046220    
  0.5395004    
  0.4807099    
  0.8386975    
  4.2487495E-02
  0.4234706    
  0.4004771    
  5.4538947E-02
  4.6339076E-02
  0.2332722    
  5.1984660E-02
  0.1272189    
  3.1028824E-02
  0.3434101    
  0.3404757    
  0.1748885    
  4.6070274E-02
  0.2198527    
  0.2518635    
  0.8541231    
  7.9247586E-02
  0.4387776    
  7.8446217E-02
  0.1862229    
  8.0584660E-02
  3.2469776E-02
  1.7033182E-02
  0.8620959    
  0.2223042    
  0.3024219    
  0.2499947    
  0.6321218    
  3.9211899E-02
  0.4018992    
  0.1301742    
  0.4810872    
  0.2774982    
  1.6641922E-02
  0.1186886    
  0.1319917    
  4.9831253E-02
  8.9584403E-02
  0.2589001    
  8.6900778E-02
  0.5422106    
  0.3959921    
  0.5470766    
  0.4402117    
  0.5552128    
  4.3935820E-02
  0.3262028    
  0.1957057    
  8.4679686E-02
  0.7010009    
  1.2792675E-02
  0.1245867    
  4.7303736E-02
  0.1204586    
  4.6123702E-02
  0.2122222    
  0.1502240    
  0.1211785    
  4.9012941E-03
  8.7466821E-02
  0.3326910    
  9.8687865E-02
  0.2590662    
  7.4194998E-02
  0.6065121    
  0.1768780    
  0.1085618    
  6.5715596E-02
  0.9427441    
  0.7172205    
   1.390375    
  0.1327352    
  0.2411169    
  0.1301966    
  0.3448653    
  0.1454853    
  1.0133913E-02
  0.2692146    
  0.1541753    
  0.5640796    
  0.3121561    
  2.2280389E-02
  1.5347751E-02
  0.3624322    
  0.1779392    
  0.1455799    
  0.2231914    
  4.6575304E-02
  0.3955896    
  0.1009668    
  0.1335276    
  0.5693998    
  0.3768551    
  0.2154665    
  4.8056390E-02
  5.4554902E-02
  8.0060409E-03
  0.3037048    
  8.6806081E-02
  0.1226187    
  0.1617924    
  2.8539898E-02
  6.0114045E-02
  4.8222456E-02
  0.1297505    
  0.6241429    
  0.2702578    
  8.9841023E-02
  0.2972116    
  1.3190438E-02
  0.3776202    
  0.7587026    
  0.4861989    
  9.7650833E-02
  0.2104669    
  0.3780974    
  7.2697415E-03
  0.2949850    
  7.4122205E-02
  8.0079742E-02
  0.1760498    
  0.5028587    
  8.2642883E-02
  0.7651116    
  9.3337335E-02
  0.2599520    
  0.1068154    
  0.6151186    
  0.3745460    
  9.2210444E-03
