   3.153538    
   14.62650    
   9.029723    
   8.926789    
   7.407659    
   6.819752    
   3.853344    
   1.712160    
   7.100593    
   4.481694    
   4.566657    
   6.368444    
   3.153597    
   2.925591    
   4.157333    
   3.224251    
   1.990316    
   3.763702    
   2.475835    
   2.460633    
   5.386289    
   6.970808    
   4.624691    
   6.437937    
   5.970488    
   3.820006    
   8.716993    
   5.089637    
   5.028368    
   1.961574    
   6.623400    
   3.063011    
   5.552355    
   3.754654    
   5.333564    
   4.999565    
   3.886161    
   4.936772    
   15.87981    
   5.362438    
   3.399375    
   5.159258    
   5.163203    
   7.020683    
   2.475079    
   4.308114    
   15.03393    
   9.811619    
   9.440389    
   4.202558    
   2.671331    
   8.020964    
   4.916357    
   8.678316    
   5.837526    
   5.583166    
   4.730891    
   8.010538    
   5.180348    
   5.071405    
   5.781629    
   8.751551    
   3.349849    
   5.381841    
   6.855394    
   7.499584    
   8.532701    
   3.520410    
   3.679045    
   9.693463    
   4.280278    
   4.856490    
   4.762650    
   8.072003    
   4.824345    
   7.257061    
   4.208240    
   5.867493    
   4.035663    
   3.283614    
   1.828237    
   6.656783    
   5.178458    
   3.156485    
   6.012609    
   3.953568    
   5.808457    
   4.190921    
   2.468132    
   2.466196    
   7.149523    
   4.827025    
   1.385645    
   2.839434    
   3.039110    
   1.711526    
   2.769243    
   2.702724    
   8.489025    
   10.45980    
   8.841154    
   2.305924    
   3.440327    
   8.496797    
   6.545150    
   7.509044    
   4.648742    
   3.093617    
   3.372477    
   6.647357    
   7.977063    
   3.533521    
   2.165821    
   3.020488    
   8.536425    
   14.00014    
   5.635387    
   2.771600    
   3.238866    
   2.722671    
   2.571367    
   5.322844    
   3.090965    
   4.888164    
   3.166844    
   4.257184    
   3.936039    
   2.827823    
   3.970876    
   4.743658    
   3.906637    
   5.818310    
   9.212926    
   1.992340    
   3.987181    
   1.933127    
   8.457664    
   3.749700    
   4.557013    
   3.178702    
   5.666545    
   3.827621    
   7.141546    
   1.933462    
   4.132314    
   3.533554    
   2.953049    
   3.791125    
   5.059684    
   5.121532    
   5.120745    
   3.723974    
   6.455934    
   3.234902    
   2.874039    
   8.356400    
   3.166406    
   2.592500    
   3.902084    
   6.344398    
   4.689589    
   6.093412    
   8.486120    
   6.743475    
   2.928198    
   5.122087    
   2.975629    
   3.751815    
   3.989780    
   5.138736    
   9.153475    
   5.408364    
   3.302850    
   7.595057    
   3.998945    
   5.722367    
   5.479255    
   6.001792    
   2.314693    
   5.379786    
   3.419728    
   3.424562    
   4.202314    
   3.841066    
   7.073559    
   4.937319    
   5.466588    
   3.620218    
   8.755028    
   4.687343    
   6.117722    
   5.858121    
   3.802252    
   8.170630    
   6.820305    
   3.419939    
   8.343517    
   7.203471    
   2.613029    
   3.200103    
   4.958684    
   3.569400    
   5.997986    
   4.800611    
   4.077284    
   7.143445    
   6.561965    
   6.949215    
   6.862581    
   5.025012    
   3.129129    
   1.984584    
   6.214976    
   4.006975    
   1.854644    
   4.746029    
   5.704729    
   3.035776    
   4.681850    
   5.394833    
   7.387496    
   8.009966    
   1.928231    
   1.356677    
   9.425739    
   8.169719    
   1.129537    
   7.027136    
   7.913834    
   6.373814    
   6.785897    
   9.177753    
   2.949323    
   10.81262    
   2.149644    
   6.763043    
   4.335219    
   8.163893    
   7.314151    
   5.295260    
   3.573014    
   3.579916    
   4.216080    
   3.640295    
   5.684230    
   4.172023    
   3.626726    
   8.131122    
   5.128182    
   5.780447    
   2.312377    
   1.686380    
   3.726505    
   14.86033    
   1.227102    
   4.229685    
   5.981226    
   5.813764    
   2.409015    
   3.748110    
   3.634778    
   7.534025    
   6.775351    
   3.214860    
   6.791155    
   6.357465    
   4.563328    
   3.211422    
   4.578099    
   9.198016    
   4.764758    
   4.088733    
   4.156978    
   2.059544    
   8.339450    
   4.992026    
   2.379945    
   3.505323    
   3.874323    
   6.290122    
   3.326724    
   3.266700    
   4.704044    
   5.699139    
   3.998707    
   7.857073    
   9.073992    
   3.782287    
   6.024499    
   8.985909    
   3.123501    
   4.839909    
   3.104476    
   7.645171    
   4.196638    
   6.632619    
   5.715220    
   2.105241    
   8.262235    
   6.796299    
   3.943469    
   4.893739    
   13.51837    
   6.838612    
   4.241858    
   4.236936    
   3.906778    
   2.798498    
   2.965439    
   7.094747    
   7.521523    
   5.760174    
   13.05630    
   5.460498    
   3.044487    
   4.268383    
   6.991075    
   6.921423    
   1.345773    
   3.980199    
   2.596809    
   5.029605    
   5.757869    
   4.145721    
   3.099358    
   9.457835    
   2.288853    
   6.593600    
   4.711050    
   4.246625    
   9.222780    
   13.34607    
   1.926296    
   3.592204    
   7.196574    
   4.314805    
   6.010906    
   4.915398    
   2.021885    
   4.610544    
   3.553038    
   3.986469    
   5.958505    
   2.064998    
   5.913770    
   3.520237    
   6.323158    
  0.9889458    
   5.964636    
   1.706124    
   3.667444    
   4.191579    
   3.365513    
   2.890778    
   3.283292    
   2.035934    
   4.188180    
   2.735958    
   6.876790    
   5.146795    
   1.165418    
   5.616361    
   2.003696    
   4.971663    
   6.961881    
   5.272217    
   4.552778    
   6.655285    
   8.889417    
   5.026966    
   8.812776    
   4.059263    
   5.886779    
   4.895247    
   4.873287    
   3.802876    
   9.198073    
   4.927066    
   13.56134    
   2.744153    
   5.911546    
   2.662252    
   5.004290    
   3.504781    
   5.382765    
   3.694227    
   2.952375    
   4.445775    
   4.383633    
   4.518265    
   2.753875    
   5.145960    
   5.352928    
   4.157619    
   2.838840    
   5.295977    
   3.469124    
   5.825252    
   4.642904    
   8.379162    
   3.957410    
   3.657157    
   2.713143    
   2.298162    
   11.48755    
   7.055599    
   6.412494    
   4.733826    
   10.08562    
   7.730932    
   5.039291    
   1.910763    
   5.578118    
   5.143963    
   8.163623    
   5.321324    
   1.687060    
   1.708002    
   3.801166    
   3.940853    
   9.284049    
   2.647154    
   5.433810    
   3.624287    
   1.946032    
   3.691005    
   6.099247    
   5.516639    
   5.682115    
   2.762180    
   8.501995    
   5.542375    
   4.824096    
   2.352877    
   4.721715    
   4.626748    
   3.273722    
   7.641700    
   4.329865    
   5.000826    
   2.180799    
   6.912837    
   4.020189    
   4.289750    
   3.836360    
   4.311404    
   5.742696    
   4.316119    
   10.64685    
   4.048784    
   3.659776    
   5.280201    
   5.408174    
   6.082254    
   5.048713    
   5.124618    
   4.385495    
   4.576184    
   8.026358    
   5.708067    
   4.311755    
   6.923116    
   5.862044    
   5.052560    
   6.824861    
   6.580820    
   3.569901    
   3.746124    
   7.095925    
   5.267281    
   6.396604    
   4.911647    
   6.788742    
   6.040815    
   3.371428    
   4.858702    
   3.186914    
   2.731203    
   6.140302    
   3.684728    
   4.035964    
   3.193960    
   2.971568    
   9.542748    
   3.803966    
   4.736729    
   9.211886    
   4.828824    
   4.603936    
   4.546880    
   2.330245    
   5.780721    
   6.274555    
   4.704219    
   3.158281    
   1.773258    
   8.407814    
   8.064894    
   8.321362    
   7.299457    
   8.605973    
   6.821893    
   7.735606    
   5.848299    
   2.828798    
   9.152472    
   2.476304    
   2.738491    
   3.445482    
   2.744945    
   6.076915    
   7.463130    
   7.438751    
   3.615586    
   1.582457    
   11.13676    
   5.029893    
   4.796579    
   1.981686    
   4.259963    
   4.209369    
   4.080822    
   4.381362    
   2.744886    
   5.093085    
   4.922338    
   7.225408    
   6.259885    
   4.305532    
   5.342650    
   4.090940    
   5.470990    
   8.464174    
   3.449436    
   5.178980    
   5.816091    
   5.580267    
   2.377832    
   7.765771    
   4.723255    
   3.436144    
   6.483299    
   3.417241    
   4.487097    
   6.247430    
   6.473233    
   2.983489    
   4.001656    
   5.072052    
   5.033422    
   7.408954    
   4.523129    
   5.398369    
   4.039375    
   4.236484    
   7.818289    
   4.705848    
   3.491495    
   4.518260    
   2.620379    
   7.223418    
   10.77987    
   5.793081    
   4.776471    
   4.120821    
   5.372149    
   5.201099    
   3.681717    
   5.387157    
   2.914642    
   3.821996    
   4.377258    
   7.869905    
   2.841965    
   8.557278    
   2.635406    
   2.407447    
   13.89862    
   3.674012    
   5.659212    
   1.032345    
   3.397913    
   1.597674    
   7.620230    
   5.887444    
   2.379738    
   7.224281    
   2.983697    
   9.392876    
   2.615386    
   7.471860    
   6.080894    
   5.193082    
   5.544685    
   4.694245    
   3.167032    
   10.42413    
   3.496317    
   6.377918    
   7.886045    
   5.595879    
   10.47731    
   2.628491    
   4.042956    
   2.959490    
   3.367923    
   5.526237    
   5.619469    
   8.603359    
   9.992558    
   10.53549    
   5.948460    
   2.527520    
   3.491503    
   4.674171    
   5.764519    
   4.909697    
   9.434121    
   5.467902    
   6.443393    
   3.092341    
   4.888135    
   2.615132    
   3.404235    
   6.460649    
   3.256873    
   5.574240    
   5.486844    
   5.741146    
   5.539088    
   1.377432    
   7.920975    
   8.400000    
   6.601860    
   4.421085    
   2.695158    
   1.275694    
   3.615936    
   2.780010    
   1.256125    
   4.006289    
   6.611279    
   4.333867    
   4.841429    
   6.987594    
   4.452386    
   5.566243    
   2.436594    
   3.792562    
   3.426239    
   5.712726    
   8.366739    
   4.588100    
   4.915028    
   9.049087    
   5.777612    
   3.309499    
   3.472339    
   7.286159    
   1.157741    
   5.218162    
   4.149862    
   6.389443    
   4.835671    
   3.742874    
   3.391349    
   4.903728    
   1.778147    
   5.789336    
   4.726922    
   5.334171    
   3.224318    
   3.391267    
   3.565217    
   3.768631    
   2.923112    
   5.139022    
   6.407195    
   3.125790    
   3.354931    
   3.911701    
   3.625344    
   4.400617    
   3.318142    
   6.937356    
   3.017863    
   4.500908    
   7.050141    
   5.159900    
   4.258576    
   7.907410    
   3.634753    
   6.613012    
   4.951765    
   5.908252    
   4.669363    
   5.681068    
   4.923416    
   2.228652    
   2.685955    
   2.408072    
   3.755271    
   5.400718    
   5.853645    
   6.532790    
   11.04912    
   4.243579    
   1.593981    
   4.542749    
   10.40639    
   7.867229    
   4.195684    
   5.734175    
   5.230751    
   6.328446    
   5.320917    
   8.167234    
   6.831187    
   3.176732    
   6.762733    
   8.200268    
   6.497890    
   6.546768    
   7.330132    
   7.513459    
   7.672157    
   2.400307    
   8.170070    
   3.716657    
   11.46018    
   4.031397    
   3.228036    
   4.430739    
   2.925894    
   3.298772    
   4.062572    
   5.022389    
   4.737679    
   7.757757    
   7.106922    
   6.220901    
   6.149252    
   4.543221    
   4.546938    
   3.482242    
   2.879140    
   5.869244    
   4.622720    
   5.107953    
   4.567122    
   3.285183    
   7.039104    
   11.15533    
   4.470074    
   3.693401    
   4.659037    
   4.224861    
   9.759797    
   3.302974    
   3.401031    
   6.361770    
   1.332641    
   5.327733    
   5.249978    
   4.991853    
   5.177634    
   7.523355    
   8.028506    
   5.991620    
   2.958783    
   3.527960    
   3.887200    
   9.355342    
   7.905525    
   4.147257    
   3.258560    
   6.517926    
   3.750725    
   6.919782    
   4.193548    
   5.817330    
   5.312887    
   7.316878    
   3.365965    
   5.045999    
   5.593858    
   7.034713    
   3.944834    
   1.514042    
   4.376954    
   8.225166    
   3.566117    
   3.128770    
   12.79259    
   2.050897    
   2.287303    
   6.438296    
   4.156250    
   5.731424    
   7.393707    
   8.135818    
   6.779626    
   4.232080    
   4.802670    
   5.787976    
   3.301555    
   8.102985    
   2.055588    
   5.081460    
   7.552148    
   5.069808    
   1.877986    
   3.045337    
   7.393747    
   9.495547    
   4.159318    
   6.062259    
   5.615870    
   6.818201    
   6.504884    
   8.336332    
   1.743334    
   4.159137    
   2.627050    
   8.062734    
   8.063591    
   5.921617    
   4.231120    
   4.119488    
   3.369870    
   5.831584    
   4.962817    
   5.063837    
   5.687255    
   8.331717    
   3.564844    
   2.629677    
   3.325647    
   8.238190    
   4.302783    
   5.778535    
   4.534748    
   5.038532    
   6.937760    
   6.954089    
   4.375942    
   5.531547    
   4.452231    
   2.818318    
   3.332326    
   4.672951    
   7.553896    
   5.623323    
   5.777454    
   7.371458    
   2.541398    
   2.215206    
   3.404632    
   1.341749    
   9.990696    
   4.068269    
   3.409758    
   1.858372    
   3.938368    
   6.695309    
   2.826773    
   5.166104    
   2.378349    
   9.473475    
   7.883868    
   4.357074    
   5.630091    
   6.595727    
   3.949716    
   1.924419    
   5.604229    
   3.352066    
   4.595373    
   4.608495    
   7.105096    
   2.171884    
   8.562137    
   5.411425    
   4.399181    
   5.328692    
   3.237689    
   5.086887    
   5.287632    
   3.124721    
   2.507596    
   2.132756    
   5.183622    
   7.382666    
   5.605220    
   6.441060    
   6.029247    
   4.833864    
   6.996133    
   5.218424    
   2.703854    
   6.314858    
   3.670909    
   5.371731    
   4.462392    
   6.013645    
   5.782242    
   4.255512    
   8.196642    
   5.368057    
   4.686720    
   6.680925    
   2.009265    
   2.008780    
   3.693208    
   7.548920    
   5.955141    
   4.061299    
   4.071836    
   9.492029    
   7.903271    
   2.618540    
   4.299453    
   7.520924    
   9.322869    
   5.789962    
   1.447408    
   4.185071    
   10.36605    
   6.275498    
   4.316620    
   5.274166    
   7.755056    
   8.121782    
   2.780647    
   5.629673    
   6.127920    
   5.889052    
   7.239573    
   3.968476    
   5.443030    
   7.222013    
   1.662474    
   5.568026    
   5.795568    
   4.678970    
   5.518980    
   6.463427    
   4.829742    
   3.546345    
   10.90565    
   4.605432    
   3.022010    
   3.399742    
   6.147652    
   2.018489    
   3.286986    
   3.815167    
   2.557431    
   2.662025    
  0.8715746    
   3.854274    
   2.216744    
   2.360717    
   4.966393    
   3.052353    
   11.39158    
   4.382350    
   3.784093    
   5.321071    
   3.806573    
   1.693249    
   4.975012    
   6.307825    
   2.564607    
   6.973562    
   6.400342    
   7.230087    
   3.322680    
   6.550616    
   9.216842    
   1.526011    
   3.259768    
   4.401135    
   8.232201    
   3.719607    
   5.097778    
   2.537629    
   4.210667    
   5.394521    
   1.555093    
   6.812572    
   4.404020    
   3.132850    
   11.38617    
   6.068042    
   4.078668    
   4.053935    
   3.160412    
   3.884646    
   5.139069    
