 -0.5348411    
   4.246125    
   2.269636    
  0.6641861    
   3.890220    
   2.135239    
   3.225981    
 -0.6960950    
  0.6223710    
  0.9557929    
   7.633153    
  9.7151697E-02
   1.002155    
   4.104281    
   4.564123    
   4.945641    
  -1.436731    
   1.481653    
   3.824273    
   4.890695    
   2.827490    
   4.123619    
   2.169102    
 -7.1682990E-02
   1.108172    
 -0.2058331    
   5.095796    
  0.1642354    
   5.051511    
   3.658263    
  0.7962537    
   2.755866    
 -0.9746776    
   9.058029    
   1.000112    
   1.528457    
   6.263120    
   5.746584    
   5.068418    
 -0.8341334    
   2.610470    
   2.352746    
  -2.269531    
   5.746254    
   2.070087    
  -1.358821    
  -1.472625    
  -1.941308    
   2.926674    
  -1.045057    
   5.817860    
   4.589581    
 -0.7096044    
 -0.5024733    
   2.981384    
   1.252907    
   5.004828    
  -4.041898    
   5.296020    
  -9.547768    
   9.864709    
   1.609223    
   2.570860    
   3.729687    
   1.633171    
   3.352370    
   3.873105    
  -1.912442    
  -4.681138    
  -4.038606    
   4.901693    
  -3.460916    
   1.436780    
  -2.755384    
  -2.462519    
  0.2549938    
   2.742551    
  0.5721977    
   4.966101    
  0.1470558    
  -2.645408    
  -1.780074    
  -2.326145    
   2.363650    
  0.2050035    
   3.726397    
 -0.3002728    
   3.130650    
   6.720083    
  7.2567999E-02
   2.408308    
  8.3083510E-02
   3.531385    
  -1.100990    
   6.232754    
   8.854923    
   1.870431    
  -6.073586    
   4.862061    
 -0.5934885    
   4.576597    
  -1.082272    
   2.152149    
   1.311125    
  0.2867245    
   3.253072    
   4.306748    
  -1.341790    
   2.193485    
   3.079856    
   5.332398    
 -0.8773106    
 -0.1498433    
   11.09375    
   2.264119    
  -3.024189    
   4.773218    
   1.599034    
   11.77927    
   2.998457    
   2.289879    
   1.048289    
   2.497552    
   1.672816    
   3.484475    
   4.023500    
  0.4898026    
   1.958558    
   5.544446    
   6.113798    
   7.004437    
  6.2729657E-02
   3.437937    
   1.020827    
  0.2953280    
  -4.853065    
   4.790368    
   1.114270    
  0.2098621    
   4.537861    
   6.935565    
 -0.2077420    
   2.711605    
  -1.074946    
 -0.6268505    
   3.896525    
  -2.533727    
   2.467899    
  -3.450628    
   4.810615    
   3.182451    
   1.435869    
  -2.828230    
   2.765921    
   6.282618    
   3.557587    
   1.570998    
   6.530210    
   6.371640    
  -4.910453    
   2.666808    
   3.076309    
   1.506183    
   4.321932    
  0.7064246    
   1.963195    
 -9.8161221E-02
   5.849950    
   2.015727    
   3.154860    
  0.1042215    
  0.4379430    
   4.858595    
  0.2332116    
   2.588414    
 -0.2436392    
   3.283500    
   7.696608    
  -1.619195    
 -0.8190247    
 -7.3913515E-02
   1.673222    
   2.692176    
   5.899964    
  -3.236163    
   8.944261    
   3.295298    
  -4.668007    
   1.940924    
   1.808878    
   2.996308    
   9.480700    
   3.786705    
   4.288691    
  -3.568353    
  -2.003192    
  -2.775615    
  0.1020673    
  0.9172449    
  -2.615995    
  -2.282524    
   1.071321    
   2.566411    
   7.018734    
 -0.8081881    
   5.060343    
   1.701757    
  -4.114557    
  -5.136940    
   5.677638    
 -0.7498406    
   4.092327    
   5.569746    
   6.066287    
  -3.732412    
   5.064185    
   2.457286    
   2.709487    
   2.384326    
  -1.406286    
   6.700951    
   4.475859    
 -0.3903791    
  0.3229713    
   3.751416    
   1.943595    
   1.561561    
  -2.576201    
   2.630589    
   2.471968    
  -4.301525    
   5.406044    
   4.277868    
   6.352673    
  0.2548041    
 -0.1265170    
   1.542893    
   4.559104    
  -3.017584    
   1.705059    
  0.9609936    
   6.092280    
  -2.282960    
  -3.772762    
   2.009444    
   2.821869    
   3.265684    
   2.672697    
   1.829404    
   1.418605    
 -0.9119214    
   3.325557    
   1.917559    
  0.1295995    
   5.511497    
  -3.523468    
  5.9165895E-02
 -0.3066892    
   7.531555    
  -2.839015    
  -4.298907    
   2.124969    
   3.816799    
   6.600701    
   1.391183    
  -2.394944    
  -2.250649    
  0.3540181    
 -8.3149254E-02
 -0.3220752    
   1.475613    
   1.481357    
  -2.255747    
  -1.503920    
   2.128999    
   3.784066    
   4.930520    
 -0.4841343    
   3.125310    
   4.758241    
   2.472299    
   4.002671    
  -1.263833    
   2.554734    
  0.4877303    
   1.356453    
  -1.456846    
 -0.5602610    
  -1.013200    
   3.273420    
   1.223331    
   4.938197    
   4.982400    
   2.396677    
   1.990721    
   4.128890    
   3.450020    
   1.426543    
   2.629823    
   5.651678    
   3.278244    
 -4.4957101E-02
   2.667506    
 -0.9519207    
 -0.3422050    
 -0.8313064    
   2.964048    
   3.077502    
   6.536471    
   1.204281    
   3.553685    
   4.758678    
 -0.4888355    
 -0.5960557    
   5.210081    
  0.4680905    
   4.760597    
  -4.751530    
 -0.6914110    
  0.5851061    
   2.968579    
  8.5350871E-03
   6.460422    
 -0.8830730    
  -1.625523    
  0.8568182    
   9.085188    
  -1.206616    
  -2.465932    
   4.113009    
  -3.250573    
   10.41768    
   4.910885    
   5.588591    
   2.640505    
 -0.1851544    
 -0.4334381    
   2.978742    
   4.559833    
 -0.7596481    
   1.068508    
   2.624697    
   3.383460    
  0.9148832    
  -1.571066    
   3.037529    
   8.070439    
   1.634175    
   5.841969    
   3.230911    
  0.5715841    
   2.871575    
   1.375820    
   1.648680    
  -2.064355    
   3.550762    
  -1.746789    
   6.777420    
   5.425782    
   5.070427    
   4.899214    
   2.465800    
   1.231802    
  -1.081876    
  -3.168663    
   2.234717    
   2.455211    
  -5.064406    
   3.915993    
   2.934428    
   3.334816    
 -5.6436241E-02
  0.2331282    
   1.406753    
 -0.7468876    
  -1.931004    
  0.9224380    
   6.669687    
  -1.022040    
   4.038962    
   4.361356    
  0.4888985    
   3.700766    
   2.434014    
  -1.077558    
   3.924071    
  0.7140265    
   8.590772    
   1.890522    
   5.393838    
   1.413954    
   7.453347    
  0.7744016    
   2.791252    
   3.255407    
   2.457916    
   8.579275    
 -0.7946857    
  0.9226904    
   1.767486    
  0.8364947    
   4.564809    
   5.873188    
 -0.6964741    
   4.094554    
   4.374090    
  -1.094135    
   6.043885    
   6.802711    
   3.343654    
  -1.459035    
   3.387647    
   4.228585    
   5.100128    
   6.958177    
 -0.4376245    
   5.809430    
   1.293581    
  -1.563966    
   1.702095    
   4.245170    
   6.248950    
  0.5712343    
   6.135985    
 -0.3012136    
  -2.220761    
   6.849931    
   2.808057    
   6.028993    
   1.868874    
   2.200364    
   8.413921    
   3.827786    
  0.8911542    
   2.090139    
   6.451315    
   1.356179    
   2.178458    
  -1.525667    
  -3.000591    
   5.573577    
  -1.412375    
   4.599149    
   5.767666    
  0.8943377    
  -1.000497    
   5.040151    
   2.350996    
 -0.5962517    
   2.428315    
   2.341469    
  -3.216844    
   1.668343    
   4.040278    
  -1.541186    
   3.695865    
 -0.2545195    
  0.4729161    
  0.3549705    
  -2.317652    
  0.1856074    
   2.319307    
   4.637469    
   1.355598    
  4.4500828E-02
   3.361916    
   9.634426    
  -1.542067    
   3.868613    
   4.878283    
  -1.300550    
   1.757192    
   1.349912    
   4.985105    
 -0.1151451    
 -0.1569374    
   3.971441    
  -2.090064    
   5.513573    
   1.010002    
  0.9121511    
   1.227752    
   1.189032    
   4.692778    
   3.793096    
   3.851285    
   5.446641    
  -3.284393    
   4.702478    
 -0.5728419    
   3.207476    
  -2.007989    
   3.230432    
  0.7012703    
  -6.600349    
   5.065035    
   3.469665    
   1.455732    
   3.548945    
   2.390254    
  0.1350395    
   5.769843    
   2.501265    
   3.081473    
  1.3362527E-02
   2.697490    
   1.733798    
  0.5736125    
   3.259219    
  0.9556576    
   3.447001    
   1.374609    
   4.574417    
   4.327079    
   5.162857    
  8.7932944E-02
   2.276331    
 -0.2023273    
   4.884192    
   1.728755    
  -2.029276    
  8.6427867E-02
   4.435177    
 -0.8814040    
   1.733567    
   4.550192    
 -0.6760314    
  0.8968802    
   1.766548    
  6.2427461E-02
  -1.287152    
   5.199059    
   1.091397    
   1.156536    
   5.763165    
   4.319309    
   8.674570    
   3.992929    
   3.523251    
 -0.7324203    
   1.277998    
  0.1057087    
  -3.929993    
  -3.362100    
   4.933407    
 -0.4533089    
   4.047690    
  2.7197003E-03
   2.082147    
  -2.305029    
  0.5759326    
  0.3837316    
   2.213571    
   1.475308    
   4.131644    
   1.776291    
   7.721431    
 -0.6770306    
   5.200058    
   3.115072    
   1.842050    
   3.103276    
   5.231199    
   4.865605    
 -0.3427313    
  0.4750463    
   1.813713    
   1.362483    
  0.4024856    
   5.014983    
   3.950385    
  -2.268744    
   2.251838    
   3.570570    
   4.262300    
   4.462740    
  0.5743718    
 -0.7659352    
 -0.7153438    
   3.388682    
   5.110342    
  0.5225257    
  -1.788841    
 -0.1945443    
  -1.381628    
  -6.286554    
 -2.8081536E-02
   2.325028    
   2.166238    
   5.144995    
  0.3334911    
   5.122174    
   3.835264    
 -0.2419110    
   2.658794    
 -0.9756783    
   2.941771    
  0.4085143    
   2.316612    
   4.739208    
   2.805307    
   8.433971    
  2.1529138E-02
  0.1077720    
   4.557096    
   6.348612    
  -1.677502    
   7.408524    
   5.530602    
   1.826506    
   7.144663    
 -0.2630724    
   5.981370    
   4.805393    
  -1.480495    
  -1.737434    
   2.359731    
   2.600114    
   5.361767    
   1.199167    
   3.285822    
   3.629149    
  0.7835139    
  0.8522720    
   2.335753    
  0.8250041    
  -7.952059    
   3.048620    
  0.5307766    
   1.616838    
   1.643666    
   7.237404    
   2.882239    
  2.0846426E-02
  -3.392375    
  7.8826129E-02
   6.667930    
   8.690464    
   3.741479    
   3.987013    
  -2.164005    
   3.793379    
  7.5959742E-02
   3.775395    
   2.622401    
   3.199665    
   8.269329    
  -1.609794    
  0.7774383    
   5.096897    
   3.696169    
   4.579751    
  -3.931177    
   3.252187    
   7.501179    
   2.244221    
   3.878848    
   3.184837    
  0.9182339    
  -1.335600    
   7.824210    
  6.7215919E-02
   4.844628    
   1.309661    
  -1.918077    
   3.069835    
   5.259176    
   3.262104    
  0.1367856    
  -1.637496    
   1.921362    
   4.162573    
   7.994235    
   5.720360    
   4.836271    
   1.828226    
   4.452494    
   6.780083    
   2.354414    
   4.330855    
  -1.870534    
   1.210475    
  -2.521653    
 -0.5072476    
  -1.876196    
   5.798275    
 -4.0041864E-02
  0.4386756    
  6.7886651E-02
  -3.041072    
   2.626173    
   5.971532    
   3.488732    
 -0.9299915    
   2.222101    
   1.581601    
   1.221535    
   7.080282    
   2.319095    
  0.7416948    
   2.054059    
  0.5706037    
   3.222293    
   2.758076    
   6.875814    
  -1.027219    
   4.404107    
  -5.109727    
   2.142141    
  -2.468122    
  -1.178435    
   4.760784    
  0.2997540    
   1.486776    
  -4.810029    
  -4.160940    
 -0.2843439    
 -0.1715372    
   2.681950    
   3.062726    
   6.868842    
   8.901299    
   7.519065    
   6.487976    
   1.406224    
  -4.067322    
   1.623727    
   3.813100    
  -2.891808    
  0.7921019    
  -3.238595    
   4.577080    
   5.814451    
   1.334188    
   2.236161    
   4.286254    
   7.285724    
   4.690979    
  -3.357906    
   3.891031    
  -5.766278    
   6.781717    
   2.546749    
   4.097772    
   1.379909    
   1.225121    
   3.616920    
   3.846554    
  -1.364044    
   5.689633    
   4.467439    
   4.628362    
   2.498102    
   3.310222    
  0.9795395    
   9.225390    
   1.069178    
  -5.160710    
   4.351386    
   6.607911    
   1.095690    
   2.417166    
   5.450340    
  0.5112512    
   4.560503    
 -0.3223921    
   5.940246    
   1.062465    
   3.717394    
  -1.030511    
  0.9908101    
   4.332121    
 -0.6450674    
  -2.659656    
   2.276166    
   5.273983    
   7.139226    
   1.460506    
 -0.5837410    
   4.738176    
  -2.119519    
  -2.619513    
   3.336995    
   3.205662    
  0.8508625    
   2.893575    
   2.048581    
  -2.338141    
  -1.911205    
 -0.5871608    
   2.351074    
  0.9804596    
   6.504060    
  -1.589482    
   1.564562    
   3.577899    
  -3.006635    
   2.161489    
  1.9903541E-02
  0.7720935    
   5.228926    
   8.456259    
 -0.4113553    
  5.4026246E-03
  0.5735490    
   2.270672    
   3.039763    
   3.398432    
   1.341632    
   4.219023    
   2.860257    
  -1.048905    
   4.151027    
  -2.976104    
   2.906701    
   2.374613    
   2.709661    
   6.420729    
   2.035658    
 -0.5876502    
   4.446213    
   5.600125    
 -0.9707941    
  0.4559939    
  -1.618473    
   7.041630    
   3.768168    
  -4.450066    
 -0.9885332    
  -1.969840    
   5.608163    
   5.705300    
 -0.7650056    
   2.311641    
   4.214953    
   3.484315    
   1.491777    
  -3.710572    
   4.176605    
  -1.491490    
   2.733544    
   4.366151    
 -0.9275872    
   5.326506    
  -2.811796    
   3.610649    
   2.790816    
   3.774930    
   3.666322    
   4.431077    
   2.555488    
   7.382137    
 -0.7787297    
   2.185688    
 -3.2583892E-02
   2.301260    
   3.486966    
   3.345881    
   2.970345    
   15.21308    
   6.062911    
  -4.552154    
  0.8657119    
   1.901244    
   4.732734    
  -2.690432    
  -1.642195    
   1.691231    
   2.877361    
   4.644924    
   3.777019    
   2.986737    
   3.910204    
  -2.510670    
  -1.728036    
 -0.1759335    
  -3.525028    
   2.905831    
   3.512969    
   7.369241    
   1.161109    
   3.778867    
  -1.965884    
   2.545113    
 -0.9671226    
  0.6983510    
  -2.615559    
   1.046645    
  -2.400366    
   6.672894    
  0.3395047    
   1.050383    
  -4.513595    
   1.245328    
   1.433969    
   5.581808    
 -0.9511217    
  0.5795745    
   2.525280    
   2.261842    
   7.967827    
   4.559736    
  -3.749870    
   2.714899    
  0.5130668    
   1.175385    
   1.446634    
   3.584518    
   6.244941    
  -3.751084    
 -0.9576222    
   1.019245    
   6.497381    
  0.1646899    
   3.467746    
   2.937771    
   4.403114    
   1.230703    
   4.275172    
   1.299453    
   5.642388    
   4.010253    
   3.469516    
  -1.359854    
   5.661479    
  -2.066714    
   2.701822    
   5.619482    
  -1.276892    
   1.710993    
   2.496230    
   2.308535    
   5.310831    
  -2.808560    
   3.612122    
   1.648759    
  0.1062458    
  -5.280052    
  -2.979797    
   2.261880    
  -2.612785    
  0.2078018    
   6.892121    
   5.021408    
   1.231682    
   5.732939    
   4.800568    
  -1.084121    
  -2.152772    
  0.6901160    
  0.5991606    
   4.145367    
  5.0517201E-02
   2.420889    
  -1.608965    
 -0.1100965    
  -3.194758    
   1.310531    
   9.083113    
   5.201060    
   6.061216    
   1.994045    
 -0.6339160    
   8.497193    
  -1.709488    
   1.709033    
 -0.4681212    
  -1.780209    
   6.622774    
   2.411756    
   5.792459    
   1.303190    
  -4.539184    
  -3.446576    
   2.499374    
   1.800636    
 -3.6426783E-02
   3.706381    
 -0.1241960    
   1.817112    
   10.39527    
   5.063267    
  0.7746991    
 -0.3645727    
   1.403072    
  -1.611167    
   5.166524    
   7.282246    
 -0.8981794    
   5.661470    
  -2.260490    
 -2.8336167E-02
  -2.016793    
   2.870341    
   4.248376    
  0.7132515    
   1.285488    
   2.242176    
 -0.7586797    
   4.477230    
